235.000000
0.000000
3527.000000
0.000000
4004.000000
0.000000
4031.000000
0.000000
4023.000000
0.000000
4016.000000
0.000000
4016.000000
0.000000
4032.000000
0.000000
4032.000000
0.000000
4031.000000
0.000000
4018.000000
0.000000
4032.000000
0.000000
4032.000000
0.000000
4031.000000
0.000000
4023.000000
0.000000
4018.000000
0.000000
4024.000000
0.000000
4036.000000
0.000000
4031.000000
0.000000
4023.000000
0.000000
4014.000000
0.000000
4020.000000
0.000000
4032.000000
0.000000
4031.000000
0.000000
4023.000000
0.000000
4016.000000
0.000000
4032.000000
0.000000
4031.000000
0.000000
4031.000000
0.000000
4023.000000
0.000000
4016.000000
0.000000
4016.000000
0.000000
4032.000000
0.000000
4031.000000
0.000000
4023.000000
0.000000
4012.000000
0.000000
4032.000000
0.000000
4032.000000
0.000000
4031.000000
0.000000
4019.000000
0.000000
4016.000000
0.000000
4032.000000
0.000000
4031.000000
0.000000
4031.000000
0.000000
4031.000000
0.000000
4020.000000
0.000000
4024.000000
0.000000
4037.000000
0.000000
4031.000000
0.000000
4023.000000
0.000000
4017.000000
0.000000
4032.000000
0.000000
4031.000000
0.000000
4027.000000
0.000000
4023.000000
0.000000
4014.000000
0.000000
4032.000000
0.000000
4032.000000
0.000000
4031.000000
0.000000
4019.000000
0.000000
4016.000000
0.000000
4032.000000
0.000000
4031.000000
0.000000
4031.000000
0.000000
4021.000000
0.000000
4016.000000
0.000000
4032.000000
0.000000
4027.000000
0.000000
4032.000000
0.000000
4027.000000
0.000000
4020.000000
0.000000
4032.000000
0.000000
4031.000000
0.000000
4031.000000
0.000000
4021.000000
0.000000
4020.000000
0.000000
4032.000000
0.000000
4031.000000
0.000000
4023.000000
0.000000
4021.000000
0.000000
4016.000000
0.000000
4032.000000
0.000000
4034.000000
0.000000
4031.000000
0.000000
4019.000000
0.000000
4016.000000
0.000000
4032.000000
0.000000
4031.000000
0.000000
4031.000000
0.000000
4019.000000
0.000000
4018.000000
0.000000
4032.000000
0.000000
4031.000000
0.000000
4027.000000
0.000000
4023.000000
0.000000
4016.000000
0.000000
4032.000000
0.000000
4031.000000
0.000000
4031.000000
0.000000
4023.000000
0.000000
4016.000000
0.000000
4032.000000
0.000000
4036.000000
0.000000
4031.000000
0.000000
4023.000000
0.000000
4013.000000
0.000000
4020.000000
0.000000
4031.000000
0.000000
4031.000000
0.000000
4023.000000
0.000000
4016.000000
0.000000
4032.000000
0.000000
4036.000000
0.000000
4031.000000
0.000000
4021.000000
0.000000
4017.000000
0.000000
4024.000000
0.000000
4033.000000
0.000000
4031.000000
0.000000
4023.000000
0.000000
4012.000000
0.000000
4018.000000
0.000000
4032.000000
0.000000
4031.000000
0.000000
4027.000000
0.000000
4015.000000
0.000000
4032.000000
0.000000
4032.000000
0.000000
4032.000000
0.000000
4023.000000
0.000000
4013.000000
0.000000
4020.000000
0.000000
4032.000000
0.000000
4031.000000
0.000000
4027.000000
0.000000
4016.000000
0.000000
4032.000000
0.000000
4032.000000
0.000000
4031.000000
0.000000
4023.000000
0.000000
4019.000000
0.000000
4020.000000
0.000000
4034.000000
0.000000
4031.000000
0.000000
4023.000000
0.000000
4016.000000
0.000000
4016.000000
0.000000
4031.000000
0.000000
4031.000000
0.000000
4023.000000
0.000000
4018.000000
0.000000
4024.000000
0.000000
4031.000000
0.000000
4031.000000
0.000000
4021.000000
0.000000
4016.000000
0.000000
4024.000000
0.000000
4036.000000
0.000000
4027.000000
0.000000
4023.000000
0.000000
4013.000000
0.000000
4032.000000
0.000000
4032.000000
0.000000
4031.000000
0.000000
4017.000000
0.000000
4016.000000
0.000000
4032.000000
0.000000
4031.000000
0.000000
4031.000000
0.000000
4019.000000
0.000000
4016.000000
0.000000
4024.000000
0.000000
4035.000000
0.000000
4027.000000
0.000000
4023.000000
0.000000
4013.000000
0.000000
4032.000000
0.000000
4032.000000
0.000000
4031.000000
0.000000
4021.000000
0.000000
4017.000000
0.000000
4024.000000
0.000000
4036.000000
0.000000
4031.000000
0.000000
4023.000000
0.000000
4016.000000
0.000000
4016.000000
0.000000
4031.000000
0.000000
4032.000000
0.000000
4031.000000
0.000000
4012.000000
0.000000
4016.000000
0.000000
4032.000000
0.000000
4031.000000
0.000000
4023.000000
0.000000
4014.000000
0.000000
4014.000000
0.000000
4032.000000
0.000000
4031.000000
0.000000
4019.000000
0.000000
4017.000000
0.000000
4024.000000
0.000000
4034.000000
0.000000
4031.000000
0.000000
4023.000000
0.000000
4014.000000
0.000000
4016.000000
0.000000
4032.000000
0.000000
4031.000000
0.000000
4031.000000
0.000000
4013.000000
0.000000
4016.000000
0.000000
4032.000000
0.000000
4031.000000
0.000000
4027.000000
0.000000
4014.000000
0.000000
4032.000000
0.000000
4032.000000
0.000000
4031.000000
0.000000
4022.000000
0.000000
4017.000000
0.000000
4018.000000
0.000000
4032.000000
0.000000
4031.000000
0.000000
4027.000000
0.000000
4014.000000
0.000000
4012.000000
0.000000
4031.000000
0.000000
4031.000000
0.000000
4023.000000
0.000000
4019.000000
0.000000
4016.000000
0.000000
4032.000000
0.000000
4034.000000
0.000000
4031.000000
0.000000
4017.000000
0.000000
4013.000000
0.000000
4032.000000
0.000000
4031.000000
0.000000
4031.000000
0.000000
4017.000000
0.000000
4020.000000
0.000000
4032.000000
0.000000
4031.000000
0.000000
4023.000000
0.000000
4019.000000
0.000000
4012.000000
0.000000
4012.000000
0.000000
4024.000000
0.000000
4031.000000
0.000000
4019.000000
0.000000
4016.000000
0.000000
4020.000000
0.000000
4032.000000
0.000000
4023.000000
0.000000
4021.000000
0.000000
4012.000000
0.000000
4032.000000
0.000000
4032.000000
0.000000
4027.000000
0.000000
4015.000000
0.000000
4011.000000
0.000000
4032.000000
0.000000
4031.000000
0.000000
4031.000000
0.000000
4015.000000
0.000000
4016.000000
0.000000
4031.000000
0.000000
4032.000000
0.000000
4027.000000
0.000000
4015.000000
0.000000
4011.000000
0.000000
4032.000000
0.000000
4031.000000
0.000000
4031.000000
0.000000
4015.000000
0.000000
4016.000000
0.000000
4020.000000
0.000000
4031.000000
0.000000
4023.000000
0.000000
4015.000000
0.000000
4009.000000
0.000000
4032.000000
0.000000
4028.000000
0.000000
4023.000000
0.000000
4011.000000
0.000000
4008.000000
0.000000
4024.000000
0.000000
4027.000000
0.000000
4023.000000
0.000000
4007.000000
0.000000
4008.000000
0.000000
4016.000000
0.000000
4022.000000
0.000000
4011.000000
0.000000
4005.000000
0.000000
3992.000000
0.000000
4008.000000
0.000000
4008.000000
0.000000
3995.000000
0.000000
3940.000000
0.000000
3868.000000
0.000000
3864.000000
0.000000
3871.000000
0.000000
3871.000000
0.000000
3853.000000
0.000000
3848.000000
0.000000
3839.000000
0.000000
3840.000000
0.000000
3839.000000
0.000000
3824.000000
0.000000
3840.000000
0.000000
3832.000000
0.000000
3855.000000
0.000000
3933.000000
0.000000
3958.000000
0.000000
3968.000000
0.000000
3911.000000
0.000000
3631.000000
0.000000
3069.000000
0.000000
2293.000000
0.000000
1450.000000
0.000000
829.000000
0.000000
802.000000
0.000000
1216.000000
0.000000
1778.000000
0.000000
2320.000000
0.000000
2727.000000
0.000000
2859.000000
0.000000
2842.000000
0.000000
2840.000000
0.000000
2864.000000
0.000000
2847.000000
0.000000
2637.000000
0.000000
2224.000000
0.000000
1896.000000
0.000000
1820.000000
0.000000
1919.000000
0.000000
2007.000000
0.000000
2072.000000
0.000000
2148.000000
0.000000
2227.000000
0.000000
2283.000000
0.000000
2314.000000
0.000000
2368.000000
0.000000
2400.000000
0.000000
2431.000000
0.000000
2456.000000
0.000000
2501.000000
0.000000
2520.000000
0.000000
2559.000000
0.000000
2575.000000
0.000000
2611.000000
0.000000
2861.000000
0.000000
3434.000000
0.000000
4024.000000
0.000000
4023.000000
0.000000
4023.000000
0.000000
4013.000000
0.000000
4032.000000
0.000000
4032.000000
0.000000
4031.000000
0.000000
4023.000000
0.000000
4019.000000
0.000000
4032.000000
0.000000
4038.000000
0.000000
4031.000000
0.000000
4027.000000
0.000000
4029.000000
0.000000
4016.000000
0.000000
4036.000000
0.000000
4031.000000
0.000000
4031.000000
0.000000
4019.000000
0.000000
4032.000000
0.000000
4036.000000
0.000000
4031.000000
0.000000
4019.000000
0.000000
4016.000000
0.000000
4032.000000
0.000000
4031.000000
0.000000
3007.000000
0.000000
1779.000000
0.000000
1920.000000
0.000000
2336.000000
0.000000
2578.000000
0.000000
2615.000000
0.000000
2578.000000
0.000000
2536.000000
0.000000
2504.000000
0.000000
2479.000000
0.000000
2447.000000
0.000000
2411.000000
0.000000
2376.000000
0.000000
2344.000000
0.000000
2319.000000
0.000000
2291.000000
0.000000
2271.000000
0.000000
2256.000000
0.000000
2240.000000
0.000000
2211.000000
0.000000
2187.000000
0.000000
2170.000000
0.000000
2160.000000
0.000000
2140.000000
0.000000
2143.000000
0.000000
2131.000000
0.000000
2091.000000
0.000000
2068.000000
0.000000
2024.000000
0.000000
1975.000000
0.000000
1943.000000
0.000000
1907.000000
0.000000
1888.000000
0.000000
1855.000000
0.000000
1835.000000
0.000000
1823.000000
0.000000
1829.000000
0.000000
1904.000000
0.000000
2028.000000
0.000000
2111.000000
0.000000
2134.000000
0.000000
2128.000000
0.000000
2130.000000
0.000000
2175.000000
0.000000
2234.000000
0.000000
2256.000000
0.000000
2280.000000
0.000000
2299.000000
0.000000
2320.000000
0.000000
2303.000000
0.000000
2247.000000
0.000000
2208.000000
0.000000
2171.000000
0.000000
2139.000000
0.000000
2095.000000
0.000000
2062.000000
0.000000
2048.000000
0.000000
2020.000000
0.000000
1995.000000
0.000000
1953.000000
0.000000
1936.000000
0.000000
1922.000000
0.000000
1924.000000
0.000000
1935.000000
0.000000
1936.000000
0.000000
1941.000000
0.000000
1954.000000
0.000000
1967.000000
0.000000
1981.000000
0.000000
1995.000000
0.000000
2016.000000
0.000000
2010.000000
0.000000
1983.000000
0.000000
1967.000000
0.000000
1949.000000
0.000000
1960.000000
0.000000
1967.000000
0.000000
1967.000000
0.000000
1965.000000
0.000000
1976.000000
0.000000
1988.000000
0.000000
1996.000000
0.000000
1995.000000
0.000000
1985.000000
0.000000
2000.000000
0.000000
2010.000000
0.000000
1987.000000
0.000000
1999.000000
0.000000
1984.000000
0.000000
2000.000000
0.000000
2000.000000
0.000000
2015.000000
0.000000
2010.000000
0.000000
2001.000000
0.000000
2010.000000
0.000000
2026.000000
0.000000
2027.000000
0.000000
2028.000000
0.000000
2029.000000
0.000000
2048.000000
0.000000
2058.000000
0.000000
2053.000000
0.000000
2059.000000
0.000000
2055.000000
0.000000
2070.000000
0.000000
2075.000000
0.000000
2079.000000
0.000000
2087.000000
0.000000
2080.000000
0.000000
2088.000000
0.000000
2095.000000
0.000000
2099.000000
0.000000
2101.000000
0.000000
2112.000000
0.000000
2108.000000
0.000000
2118.000000
0.000000
2127.000000
0.000000
2117.000000
0.000000
2122.000000
0.000000
2120.000000
0.000000
2101.000000
0.000000
2063.000000
0.000000
1996.000000
0.000000
1964.000000
0.000000
2232.000000
0.000000
2400.000000
0.000000
2775.000000
0.000000
3200.000000
0.000000
3652.000000
0.000000
4011.000000
0.000000
4011.000000
0.000000
4012.000000
0.000000
4032.000000
0.000000
4031.000000
0.000000
4027.000000
0.000000
4023.000000
0.000000
4016.000000
0.000000
4034.000000
0.000000
4031.000000
0.000000
4031.000000
0.000000
4021.000000
0.000000
4024.000000
0.000000
4040.000000
0.000000
4038.000000
0.000000
4031.000000
0.000000
4019.000000
0.000000
4032.000000
0.000000
4032.000000
0.000000
4039.000000
0.000000
4031.000000
0.000000
4016.000000
0.000000
4017.000000
0.000000
4032.000000
0.000000
4031.000000
0.000000
4023.000000
0.000000
4021.000000
0.000000
4016.000000
0.000000
4032.000000
0.000000
4031.000000
0.000000
4027.000000
0.000000
4015.000000
0.000000
4018.000000
0.000000
4031.000000
0.000000
4030.000000
0.000000
4023.000000
0.000000
4032.000000
0.000000
4031.000000
0.000000
4032.000000
0.000000
4031.000000
0.000000
4027.000000
0.000000
4017.000000
0.000000
4024.000000
0.000000
4032.000000
0.000000
4031.000000
0.000000
4027.000000
0.000000
4016.000000
0.000000
4032.000000
0.000000
4032.000000
0.000000
4031.000000
0.000000
4023.000000
0.000000
4016.000000
0.000000
4020.000000
0.000000
4032.000000
0.000000
4031.000000
0.000000
4023.000000
0.000000
4021.000000
0.000000
4021.000000
0.000000
4036.000000
0.000000
4031.000000
0.000000
4031.000000
0.000000
4018.000000
0.000000
4032.000000
0.000000
4038.000000
0.000000
4031.000000
0.000000
4027.000000
0.000000
4016.000000
0.000000
4032.000000
0.000000
4032.000000
0.000000
4031.000000
0.000000
4021.000000
0.000000
4020.000000
0.000000
4024.000000
0.000000
4036.000000
0.000000
4031.000000
0.000000
4017.000000
0.000000
4032.000000
0.000000
4020.000000
0.000000
4032.000000
0.000000
4031.000000
0.000000
4017.000000
0.000000
4014.000000
0.000000
4032.000000
0.000000
4031.000000
0.000000
4023.000000
0.000000
4023.000000
0.000000
4013.000000
0.000000
4032.000000
0.000000
4031.000000
0.000000
4031.000000
0.000000
4023.000000
0.000000
4019.000000
0.000000
4032.000000
0.000000
4031.000000
0.000000
4031.000000
0.000000
4018.000000
0.000000
4020.000000
0.000000
4017.000000
0.000000
4032.000000
0.000000
4027.000000
0.000000
4016.000000
0.000000
4032.000000
0.000000
4032.000000
0.000000
4031.000000
0.000000
4023.000000
0.000000
4016.000000
0.000000
4016.000000
0.000000
4032.000000
0.000000
4031.000000
0.000000
4023.000000
0.000000
4019.000000
0.000000
4016.000000
0.000000
4032.000000
0.000000
4031.000000
0.000000
4027.000000
0.000000
4016.000000
0.000000
4031.000000
0.000000
4020.000000
0.000000
4031.000000
0.000000
4027.000000
0.000000
4017.000000
0.000000
4024.000000
0.000000
4034.000000
0.000000
4031.000000
0.000000
4023.000000
0.000000
4014.000000
0.000000
4032.000000
0.000000
4032.000000
0.000000
4031.000000
0.000000
4023.000000
0.000000
4013.000000
0.000000
4014.000000
0.000000
4032.000000
0.000000
4031.000000
0.000000
4019.000000
0.000000
4018.000000
0.000000
4016.000000
0.000000
4032.000000
0.000000
4031.000000
0.000000
4023.000000
0.000000
4014.000000
0.000000
4013.000000
0.000000
4031.000000
0.000000
4023.000000
0.000000
4023.000000
0.000000
4012.000000
0.000000
4032.000000
0.000000
4031.000000
0.000000
4027.000000
0.000000
4015.000000
0.000000
4016.000000
0.000000
4028.000000
0.000000
4022.000000
0.000000
3767.000000
0.000000
3415.000000
0.000000
3312.000000
0.000000
3263.000000
0.000000
3219.000000
0.000000
3199.000000
0.000000
3170.000000
0.000000
3172.000000
0.000000
3240.000000
0.000000
3319.000000
0.000000
3439.000000
0.000000
3545.000000
0.000000
3680.000000
0.000000
3743.000000
0.000000
3799.000000
0.000000
3851.000000
0.000000
3944.000000
0.000000
4008.000000
0.000000
4023.000000
0.000000
4015.000000
0.000000
4010.000000
0.000000
4024.000000
0.000000
4032.000000
0.000000
4031.000000
0.000000
4023.000000
0.000000
4016.000000
0.000000
4020.000000
0.000000
4032.000000
0.000000
4031.000000
0.000000
4021.000000
0.000000
4019.000000
0.000000
4032.000000
0.000000
4040.000000
0.000000
4031.000000
0.000000
4027.000000
0.000000
4017.000000
0.000000
4032.000000
0.000000
4031.000000
0.000000
4031.000000
0.000000
4027.000000
0.000000
4016.000000
0.000000
4032.000000
0.000000
4031.000000
0.000000
4018.000000
0.000000
4023.000000
0.000000
4016.000000
0.000000
4032.000000
0.000000
4027.000000
0.000000
4023.000000
0.000000
4014.000000
0.000000
4020.000000
0.000000
4031.000000
0.000000
4031.000000
0.000000
4023.000000
0.000000
4014.000000
0.000000
4032.000000
0.000000
4032.000000
0.000000
4031.000000
0.000000
4015.000000
0.000000
4004.000000
0.000000
2936.000000
0.000000
1938.000000
0.000000
1775.000000
0.000000
1874.000000
0.000000
1943.000000
0.000000
1934.000000
0.000000
1918.000000
0.000000
1879.000000
0.000000
1845.000000
0.000000
1812.000000
0.000000
1798.000000
0.000000
1781.000000
0.000000
1757.000000
0.000000
1732.000000
0.000000
1700.000000
0.000000
1692.000000
0.000000
1673.000000
0.000000
1651.000000
0.000000
1636.000000
0.000000
1624.000000
0.000000
1609.000000
0.000000
1586.000000
0.000000
1567.000000
0.000000
1556.000000
0.000000
1526.000000
0.000000
1515.000000
0.000000
1499.000000
0.000000
1486.000000
0.000000
1469.000000
0.000000
1460.000000
0.000000
1448.000000
0.000000
1431.000000
0.000000
1414.000000
0.000000
1401.000000
0.000000
1392.000000
0.000000
1380.000000
0.000000
1363.000000
0.000000
1344.000000
0.000000
1324.000000
0.000000
1322.000000
0.000000
1301.000000
0.000000
1285.000000
0.000000
1269.000000
0.000000
1256.000000
0.000000
1248.000000
0.000000
1235.000000
0.000000
1227.000000
0.000000
1207.000000
0.000000
1202.000000
0.000000
1188.000000
0.000000
1179.000000
0.000000
1179.000000
0.000000
1154.000000
0.000000
1157.000000
0.000000
1146.000000
0.000000
1139.000000
0.000000
1127.000000
0.000000
1112.000000
0.000000
1116.000000
0.000000
1136.000000
0.000000
1161.000000
0.000000
1170.000000
0.000000
1191.000000
0.000000
1174.000000
0.000000
1136.000000
0.000000
1091.000000
0.000000
1024.000000
0.000000
976.000000
0.000000
940.000000
0.000000
947.000000
0.000000
979.000000
0.000000
988.000000
0.000000
1033.000000
0.000000
1060.000000
0.000000
1071.000000
0.000000
1043.000000
0.000000
1003.000000
0.000000
937.000000
0.000000
848.000000
0.000000
779.000000
0.000000
733.000000
0.000000
680.000000
0.000000
660.000000
0.000000
665.000000
0.000000
683.000000
0.000000
703.000000
0.000000
711.000000
0.000000
717.000000
0.000000
692.000000
0.000000
671.000000
0.000000
647.000000
0.000000
628.000000
0.000000
616.000000
0.000000
619.000000
0.000000
617.000000
0.000000
592.000000
0.000000
592.000000
0.000000
597.000000
0.000000
646.000000
0.000000
759.000000
0.000000
915.000000
0.000000
1064.000000
0.000000
1224.000000
0.000000
1376.000000
0.000000
1499.000000
0.000000
1581.000000
0.000000
1656.000000
0.000000
1713.000000
0.000000
1775.000000
0.000000
1861.000000
0.000000
1988.000000
0.000000
2164.000000
0.000000
2345.000000
0.000000
2533.000000
0.000000
2696.000000
0.000000
2864.000000
0.000000
2976.000000
0.000000
3071.000000
0.000000
3123.000000
0.000000
3144.000000
0.000000
3168.000000
0.000000
3200.000000
0.000000
3223.000000
0.000000
3227.000000
0.000000
3259.000000
0.000000
3264.000000
0.000000
3254.000000
0.000000
3207.000000
0.000000
3141.000000
0.000000
3046.000000
0.000000
2912.000000
0.000000
2760.000000
0.000000
2579.000000
0.000000
2360.000000
0.000000
2152.000000
0.000000
1946.000000
0.000000
1743.000000
0.000000
1546.000000
0.000000
1357.000000
0.000000
1210.000000
0.000000
1092.000000
0.000000
1011.000000
0.000000
986.000000
0.000000
984.000000
0.000000
1000.000000
0.000000
1041.000000
0.000000
1079.000000
0.000000
1119.000000
0.000000
1155.000000
0.000000
1216.000000
0.000000
1267.000000
0.000000
1311.000000
0.000000
1381.000000
0.000000
1432.000000
0.000000
1515.000000
0.000000
1588.000000
0.000000
1703.000000
0.000000
1843.000000
0.000000
2048.000000
0.000000
2336.000000
0.000000
2687.000000
0.000000
3087.000000
0.000000
3512.000000
0.000000
3904.000000
0.000000
4020.000000
0.000000
4031.000000
0.000000
4015.000000
0.000000
4015.000000
0.000000
4018.000000
0.000000
4032.000000
0.000000
4027.000000
0.000000
4023.000000
0.000000
4016.000000
0.000000
4032.000000
0.000000
4031.000000
0.000000
4031.000000
0.000000
4023.000000
0.000000
4016.000000
0.000000
4032.000000
0.000000
4032.000000
0.000000
4031.000000
0.000000
4023.000000
0.000000
4021.000000
0.000000
4031.000000
0.000000
4018.000000
0.000000
4032.000000
0.000000
4027.000000
0.000000
4016.000000
0.000000
4032.000000
0.000000
4039.000000
0.000000
4031.000000
0.000000
4023.000000
0.000000
4020.000000
0.000000
4036.000000
0.000000
4040.000000
0.000000
4031.000000
0.000000
4017.000000
0.000000
4024.000000
0.000000
4032.000000
0.000000
4038.000000
0.000000
4027.000000
0.000000
4016.000000
0.000000
4016.000000
0.000000
4032.000000
0.000000
4031.000000
0.000000
4023.000000
0.000000
4021.000000
0.000000
4016.000000
0.000000
4032.000000
0.000000
4031.000000
0.000000
4031.000000
0.000000
4017.000000
0.000000
4024.000000
0.000000
4034.000000
0.000000
4031.000000
0.000000
4027.000000
0.000000
4013.000000
0.000000
4032.000000
0.000000
4032.000000
0.000000
4031.000000
0.000000
4023.000000
0.000000
4016.000000
0.000000
4018.000000
0.000000
4031.000000
0.000000
4031.000000
0.000000
4023.000000
0.000000
4013.000000
0.000000
4016.000000
0.000000
4032.000000
0.000000
4031.000000
0.000000
4019.000000
0.000000
4017.000000
0.000000
4016.000000
0.000000
4032.000000
0.000000
4031.000000
0.000000
4017.000000
0.000000
4015.000000
0.000000
4018.000000
0.000000
4032.000000
0.000000
4023.000000
0.000000
4023.000000
0.000000
4014.000000
0.000000
4024.000000
0.000000
4031.000000
0.000000
4016.000000
0.000000
4027.000000
0.000000
4015.000000
0.000000
4016.000000
0.000000
4032.000000
0.000000
4030.000000
0.000000
4023.000000
0.000000
4013.000000
0.000000
4018.000000
0.000000
4024.000000
0.000000
4031.000000
0.000000
4023.000000
0.000000
4013.000000
0.000000
4010.000000
0.000000
4024.000000
0.000000
4031.000000
0.000000
4023.000000
0.000000
4019.000000
0.000000
4010.000000
0.000000
4031.000000
0.000000
4032.000000
0.000000
4023.000000
0.000000
4019.000000
0.000000
4010.000000
0.000000
4032.000000
0.000000
4031.000000
0.000000
4031.000000
0.000000
4019.000000
0.000000
4010.000000
0.000000
4032.000000
0.000000
4028.000000
0.000000
4029.000000
0.000000
4013.000000
0.000000
4016.000000
0.000000
4018.000000
0.000000
4030.000000
0.000000
4023.000000
0.000000
4011.000000
0.000000
4008.000000
0.000000
4016.000000
0.000000
4030.000000
0.000000
4030.000000
0.000000
4010.000000
0.000000
4010.000000
0.000000
4024.000000
0.000000
4031.000000
0.000000
4019.000000
0.000000
4015.000000
0.000000
4008.000000
0.000000
4032.000000
0.000000
4031.000000
0.000000
4031.000000
0.000000
4027.000000
0.000000
4024.000000
0.000000
4031.000000
0.000000
4023.000000
0.000000
4012.000000
0.000000
4010.000000
0.000000
4031.000000
0.000000
4008.000000
0.000000
4031.000000
0.000000
4015.000000
0.000000
4011.000000
0.000000
4016.000000
0.000000
4030.000000
0.000000
4023.000000
0.000000
4013.000000
0.000000
4011.000000
0.000000
4024.000000
0.000000
4031.000000
0.000000
4019.000000
0.000000
4015.000000
0.000000
4010.000000
0.000000
4024.000000
0.000000
4027.000000
0.000000
4027.000000
0.000000
4013.000000
0.000000
4016.000000
0.000000
4030.000000
0.000000
4031.000000
0.000000
4023.000000
0.000000
4011.000000
0.000000
4020.000000
0.000000
4032.000000
0.000000
4031.000000
0.000000
4023.000000
0.000000
4010.000000
0.000000
4011.000000
0.000000
4032.000000
0.000000
4030.000000
0.000000
4023.000000
0.000000
4014.000000
0.000000
4020.000000
0.000000
4031.000000
0.000000
4031.000000
0.000000
4023.000000
0.000000
4011.000000
0.000000
4032.000000
0.000000
4031.000000
0.000000
4031.000000
0.000000
4023.000000
0.000000
4012.000000
0.000000
4024.000000
0.000000
4032.000000
0.000000
4031.000000
0.000000
4019.000000
0.000000
4016.000000
0.000000
4017.000000
0.000000
4028.000000
0.000000
4031.000000
0.000000
4015.000000
0.000000
4012.000000
0.000000
4024.000000
0.000000
4031.000000
0.000000
4023.000000
0.000000
4019.000000
0.000000
4012.000000
0.000000
4032.000000
0.000000
4031.000000
0.000000
4024.000000
0.000000
4023.000000
0.000000
4011.000000
0.000000
4024.000000
0.000000
4031.000000
0.000000
4031.000000
0.000000
4019.000000
0.000000
4012.000000
0.000000
4032.000000
0.000000
4030.000000
0.000000
4023.000000
0.000000
4013.000000
0.000000
4020.000000
0.000000
4032.000000
0.000000
4031.000000
0.000000
4023.000000
0.000000
4011.000000
0.000000
4012.000000
0.000000
4032.000000
0.000000
4015.000000
0.000000
4031.000000
0.000000
4015.000000
0.000000
4018.000000
0.000000
4031.000000
0.000000
4031.000000
0.000000
4023.000000
0.000000
4012.000000
0.000000
4032.000000
0.000000
4032.000000
0.000000
4031.000000
0.000000
4019.000000
0.000000
4010.000000
0.000000
4017.000000
0.000000
4032.000000
0.000000
4027.000000
0.000000
4016.000000
0.000000
4011.000000
0.000000
4020.000000
0.000000
4031.000000
0.000000
4023.000000
0.000000
4019.000000
0.000000
4011.000000
0.000000
4032.000000
0.000000
4031.000000
0.000000
4031.000000
0.000000
4019.000000
0.000000
4012.000000
0.000000
4032.000000
0.000000
4032.000000
0.000000
4029.000000
0.000000
4017.000000
0.000000
4016.000000
0.000000
4024.000000
0.000000
4030.000000
0.000000
4023.000000
0.000000
4014.000000
0.000000
4012.000000
0.000000
4032.000000
0.000000
4031.000000
0.000000
4012.000000
0.000000
4031.000000
0.000000
4013.000000
0.000000
4024.000000
0.000000
4031.000000
0.000000
4021.000000
0.000000
4011.000000
0.000000
4012.000000
0.000000
4032.000000
0.000000
4031.000000
0.000000
4019.000000
0.000000
4015.000000
0.000000
4012.000000
0.000000
4032.000000
0.000000
4031.000000
0.000000
4019.000000
0.000000
4015.000000
0.000000
4020.000000
0.000000
4031.000000
0.000000
4023.000000
0.000000
4021.000000
0.000000
4012.000000
0.000000
4032.000000
0.000000
4031.000000
0.000000
4031.000000
0.000000
4017.000000
0.000000
4016.000000
0.000000
4032.000000
0.000000
4031.000000
0.000000
4023.000000
0.000000
4012.000000
0.000000
4032.000000
0.000000
4032.000000
0.000000
4031.000000
0.000000
4019.000000
0.000000
4012.000000
0.000000
4020.000000
0.000000
4032.000000
0.000000
4027.000000
0.000000
4016.000000
0.000000
4032.000000
0.000000
4020.000000
0.000000
4032.000000
0.000000
4023.000000
0.000000
4016.000000
0.000000
4014.000000
0.000000
4032.000000
0.000000
4031.000000
0.000000
4023.000000
0.000000
4019.000000
0.000000
4016.000000
0.000000
4032.000000
0.000000
4031.000000
0.000000
4027.000000
0.000000
4013.000000
0.000000
4032.000000
0.000000
4031.000000
0.000000
4031.000000
0.000000
4023.000000
0.000000
4012.000000
0.000000
4032.000000
0.000000
4013.000000
0.000000
4032.000000
0.000000
4023.000000
0.000000
4012.000000
0.000000
4032.000000
0.000000
4031.000000
0.000000
4031.000000
0.000000
4021.000000
0.000000
4011.000000
0.000000
4032.000000
0.000000
4032.000000
0.000000
4031.000000
0.000000
4017.000000
0.000000
4018.000000
0.000000
4024.000000
0.000000
4034.000000
0.000000
4023.000000
0.000000
4013.000000
0.000000
4012.000000
0.000000
4031.000000
0.000000
4031.000000
0.000000
4023.000000
0.000000
4013.000000
0.000000
4012.000000
0.000000
4032.000000
0.000000
4031.000000
0.000000
4019.000000
0.000000
4016.000000
0.000000
4017.000000
0.000000
4032.000000
0.000000
4031.000000
0.000000
4023.000000
0.000000
4015.000000
0.000000
4024.000000
0.000000
4031.000000
0.000000
4031.000000
0.000000
4023.000000
0.000000
4012.000000
0.000000
4032.000000
0.000000
4032.000000
0.000000
4031.000000
0.000000
4019.000000
0.000000
4012.000000
0.000000
4020.000000
0.000000
4032.000000
0.000000
4023.000000
0.000000
4015.000000
0.000000
4012.000000
0.000000
4032.000000
0.000000
4031.000000
0.000000
4019.000000
0.000000
4019.000000
0.000000
4012.000000
0.000000
4032.000000
0.000000
4031.000000
0.000000
4019.000000
0.000000
4015.000000
0.000000
4016.000000
0.000000
4032.000000
0.000000
4014.000000
0.000000
4032.000000
0.000000
4017.000000
0.000000
4016.000000
0.000000
4032.000000
0.000000
4029.000000
0.000000
4015.000000
0.000000
4013.000000
0.000000
4024.000000
0.000000
4031.000000
0.000000
4023.000000
0.000000
4021.000000
0.000000
4012.000000
0.000000
4032.000000
0.000000
4031.000000
0.000000
4027.000000
0.000000
4015.000000
0.000000
4018.000000
0.000000
4032.000000
0.000000
4031.000000
0.000000
4023.000000
0.000000
4011.000000
0.000000
4032.000000
0.000000
4032.000000
0.000000
4031.000000
0.000000
4021.000000
0.000000
4011.000000
0.000000
4016.000000
0.000000
4032.000000
0.000000
4031.000000
0.000000
4017.000000
0.000000
4016.000000
0.000000
4018.000000
0.000000
4032.000000
0.000000
4027.000000
0.000000
4023.000000
0.000000
4014.000000
0.000000
4032.000000
0.000000
4031.000000
0.000000
4031.000000
0.000000
4012.000000
0.000000
4013.000000
0.000000
4012.000000
0.000000
4031.000000
0.000000
4031.000000
0.000000
4019.000000
0.000000
4012.000000
0.000000
4032.000000
0.000000
4030.000000
0.000000
4023.000000
0.000000
4012.000000
0.000000
4024.000000
0.000000
4032.000000
0.000000
4031.000000
0.000000
4021.000000
0.000000
4010.000000
0.000000
4016.000000
0.000000
4032.000000
0.000000
4031.000000
0.000000
4015.000000
0.000000
4013.000000
0.000000
4015.000000
0.000000
4032.000000
0.000000
4023.000000
0.000000
4015.000000
0.000000
4012.000000
0.000000
4032.000000
0.000000
4031.000000
0.000000
4019.000000
0.000000
4016.000000
0.000000
4016.000000
0.000000
4032.000000
0.000000
4027.000000
0.000000
4023.000000
0.000000
4013.000000
0.000000
4032.000000
0.000000
4031.000000
0.000000
4031.000000
0.000000
4021.000000
0.000000
4012.000000
0.000000
4031.000000
0.000000
4032.000000
0.000000
4031.000000
0.000000
4017.000000
0.000000
4018.000000
0.000000
4032.000000
0.000000
4031.000000
0.000000
4021.000000
0.000000
4011.000000
0.000000
4016.000000
0.000000
4032.000000
0.000000
4031.000000
0.000000
4015.000000
0.000000
4013.000000
0.000000
4024.000000
0.000000
4032.000000
0.000000
4023.000000
0.000000
4013.000000
0.000000
4010.000000
0.000000
4032.000000
0.000000
4031.000000
0.000000
4019.000000
0.000000
4017.000000
0.000000
4012.000000
0.000000
4032.000000
0.000000
4031.000000
0.000000
4023.000000
0.000000
4013.000000
0.000000
4024.000000
0.000000
4031.000000
0.000000
4031.000000
0.000000
4023.000000
0.000000
4012.000000
0.000000
4032.000000
0.000000
4032.000000
0.000000
4031.000000
0.000000
4017.000000
0.000000
4016.000000
0.000000
4024.000000
0.000000
4031.000000
0.000000
4010.000000
0.000000
4032.000000
0.000000
4010.000000
0.000000
4032.000000
0.000000
4031.000000
0.000000
4029.000000
0.000000
4015.000000
0.000000
4016.000000
0.000000
4032.000000
0.000000
4031.000000
0.000000
4023.000000
0.000000
4013.000000
0.000000
4018.000000
0.000000
4032.000000
0.000000
4031.000000
0.000000
4021.000000
0.000000
4011.000000
0.000000
4016.000000
0.000000
4032.000000
0.000000
4031.000000
0.000000
4019.000000
0.000000
4015.000000
0.000000
4011.000000
0.000000
4028.000000
0.000000
4031.000000
0.000000
4023.000000
0.000000
4013.000000
0.000000
4020.000000
0.000000
4031.000000
0.000000
4031.000000
0.000000
4019.000000
0.000000
4009.000000
0.000000
4032.000000
0.000000
4028.000000
0.000000
4023.000000
0.000000
4015.000000
0.000000
4016.000000
0.000000
4020.000000
0.000000
4030.000000
0.000000
4023.000000
0.000000
4032.000000
0.000000
4012.000000
0.000000
4024.000000
0.000000
4031.000000
0.000000
4023.000000
0.000000
4019.000000
0.000000
4010.000000
0.000000
4032.000000
0.000000
4031.000000
0.000000
4023.000000
0.000000
4016.000000
0.000000
4018.000000
0.000000
4030.000000
0.000000
4031.000000
0.000000
4023.000000
0.000000
4013.000000
0.000000
4024.000000
0.000000
4032.000000
0.000000
4031.000000
0.000000
4023.000000
0.000000
4012.000000
0.000000
4023.000000
0.000000
4032.000000
0.000000
4031.000000
0.000000
4023.000000
0.000000
4013.000000
0.000000
4011.000000
0.000000
4032.000000
0.000000
4031.000000
0.000000
4015.000000
0.000000
4015.000000
0.000000
4020.000000
0.000000
4031.000000
0.000000
4023.000000
0.000000
4023.000000
0.000000
4012.000000
0.000000
4012.000000
0.000000
4031.000000
0.000000
4023.000000
0.000000
4021.000000
0.000000
4032.000000
0.000000
4032.000000
0.000000
4031.000000
0.000000
4023.000000
0.000000
4019.000000
0.000000
4016.000000
0.000000
4032.000000
0.000000
4031.000000
0.000000
4027.000000
0.000000
4015.000000
0.000000
4020.000000
0.000000
4034.000000
0.000000
4031.000000
0.000000
4023.000000
0.000000
4011.000000
0.000000
4032.000000
0.000000
4032.000000
0.000000
4031.000000
0.000000
4019.000000
0.000000
4016.000000
0.000000
4024.000000
0.000000
4032.000000
0.000000
4027.000000
0.000000
4015.000000
0.000000
4013.000000
0.000000
4032.000000
0.000000
4031.000000
0.000000
4023.000000
0.000000
4021.000000
0.000000
4012.000000
0.000000
4032.000000
0.000000
4031.000000
0.000000
4031.000000
0.000000
4019.000000
0.000000
4016.000000
0.000000
4032.000000
0.000000
4032.000000
0.000000
4031.000000
0.000000
4017.000000
0.000000
4024.000000
0.000000
4031.000000
0.000000
4014.000000
0.000000
4032.000000
0.000000
4019.000000
0.000000
4012.000000
0.000000
4032.000000
0.000000
4031.000000
0.000000
4031.000000
0.000000
4012.000000
0.000000
4012.000000
0.000000
4032.000000
0.000000
4031.000000
0.000000
4019.000000
0.000000
4015.000000
0.000000
4018.000000
0.000000
4032.000000
0.000000
4027.000000
0.000000
4023.000000
0.000000
4014.000000
0.000000
4032.000000
0.000000
4031.000000
0.000000
4031.000000
0.000000
4019.000000
0.000000
4010.000000
0.000000
4032.000000
0.000000
4032.000000
0.000000
4031.000000
0.000000
4015.000000
0.000000
4016.000000
0.000000
4013.000000
0.000000
4027.000000
0.000000
4016.000000
0.000000
4024.000000
0.000000
4032.000000
0.000000
4031.000000
0.000000
4023.000000
0.000000
4014.000000
0.000000
4012.000000
0.000000
4032.000000
0.000000
4017.000000
0.000000
4031.000000
0.000000
4012.000000
0.000000
4016.000000
0.000000
4032.000000
0.000000
4031.000000
0.000000
4015.000000
0.000000
4015.000000
0.000000
4024.000000
0.000000
4031.000000
0.000000
4023.000000
0.000000
4023.000000
0.000000
4012.000000
0.000000
4032.000000
0.000000
4031.000000
0.000000
4031.000000
0.000000
4019.000000
0.000000
4013.000000
0.000000
4032.000000
0.000000
4031.000000
0.000000
4023.000000
0.000000
4031.000000
0.000000
4012.000000
0.000000
4031.000000
0.000000
4031.000000
0.000000
4023.000000
0.000000
4011.000000
0.000000
4032.000000
0.000000
4032.000000
0.000000
4031.000000
0.000000
4019.000000
0.000000
4016.000000
0.000000
4020.000000
0.000000
4032.000000
0.000000
4027.000000
0.000000
4015.000000
0.000000
4013.000000
0.000000
4032.000000
0.000000
4031.000000
0.000000
4023.000000
0.000000
4011.000000
0.000000
4014.000000
0.000000
4032.000000
0.000000
4031.000000
0.000000
4023.000000
0.000000
4019.000000
0.000000
4013.000000
0.000000
4032.000000
0.000000
4031.000000
0.000000
4027.000000
0.000000
4015.000000
0.000000
4020.000000
0.000000
4032.000000
0.000000
4031.000000
0.000000
4023.000000
0.000000
4010.000000
0.000000
4032.000000
0.000000
4032.000000
0.000000
4031.000000
0.000000
4019.000000
0.000000
4016.000000
0.000000
4020.000000
0.000000
4032.000000
0.000000
4023.000000
0.000000
4019.000000
0.000000
4012.000000
0.000000
4032.000000
0.000000
4031.000000
0.000000
4031.000000
0.000000
4013.000000
0.000000
4012.000000
0.000000
4032.000000
0.000000
4031.000000
0.000000
4019.000000
0.000000
4017.000000
0.000000
4016.000000
0.000000
4032.000000
0.000000
4031.000000
0.000000
4023.000000
0.000000
4015.000000
0.000000
4031.000000
0.000000
4021.000000
0.000000
4031.000000
0.000000
4023.000000
0.000000
4011.000000
0.000000
4011.000000
0.000000
4032.000000
0.000000
4031.000000
0.000000
4019.000000
0.000000
4015.000000
0.000000
4016.000000
0.000000
4032.000000
0.000000
4027.000000
0.000000
4023.000000
0.000000
4012.000000
0.000000
4032.000000
0.000000
4031.000000
0.000000
4031.000000
0.000000
4021.000000
0.000000
4012.000000
0.000000
4032.000000
0.000000
4032.000000
0.000000
4031.000000
0.000000
4017.000000
0.000000
4018.000000
0.000000
4024.000000
0.000000
4031.000000
0.000000
4023.000000
0.000000
4013.000000
0.000000
4012.000000
0.000000
4032.000000
0.000000
4031.000000
0.000000
4023.000000
0.000000
4019.000000
0.000000
4012.000000
0.000000
4032.000000
0.000000
4031.000000
0.000000
4023.000000
0.000000
4017.000000
0.000000
4016.000000
0.000000
4027.000000
0.000000
4032.000000
0.000000
4019.000000
0.000000
4015.000000
0.000000
4016.000000
0.000000
4032.000000
0.000000
4027.000000
0.000000
4023.000000
0.000000
4013.000000
0.000000
4032.000000
0.000000
4031.000000
0.000000
4031.000000
0.000000
4023.000000
0.000000
4016.000000
0.000000
4032.000000
0.000000
4032.000000
0.000000
4031.000000
0.000000
4016.000000
0.000000
4020.000000
0.000000
4032.000000
0.000000
4031.000000
0.000000
4032.000000
0.000000
4023.000000
0.000000
4020.000000
0.000000
4032.000000
0.000000
4031.000000
0.000000
4023.000000
0.000000
4013.000000
0.000000
4012.000000
0.000000
4032.000000
0.000000
4031.000000
0.000000
4021.000000
0.000000
4017.000000
0.000000
4016.000000
0.000000
4032.000000
0.000000
4027.000000
0.000000
4023.000000
0.000000
4012.000000
0.000000
4032.000000
0.000000
4031.000000
0.000000
4019.000000
0.000000
4023.000000
0.000000
4017.000000
0.000000
4032.000000
0.000000
4031.000000
0.000000
4031.000000
0.000000
4015.000000
0.000000
4016.000000
0.000000
4032.000000
0.000000
4032.000000
0.000000
4031.000000
0.000000
4015.000000
0.000000
4016.000000
0.000000
4020.000000
0.000000
4031.000000
0.000000
4023.000000
0.000000
4013.000000
0.000000
4010.000000
0.000000
4032.000000
0.000000
4031.000000
0.000000
4023.000000
0.000000
4019.000000
0.000000
4010.000000
0.000000
4032.000000
0.000000
4031.000000
0.000000
4031.000000
0.000000
4015.000000
0.000000
4016.000000
0.000000
4032.000000
0.000000
4032.000000
0.000000
4027.000000
0.000000
4015.000000
0.000000
4018.000000
0.000000
4024.000000
0.000000
4031.000000
0.000000
4023.000000
0.000000
4013.000000
0.000000
4012.000000
0.000000
4032.000000
0.000000
4031.000000
0.000000
4016.000000
0.000000
4031.000000
0.000000
4012.000000
0.000000
4032.000000
0.000000
4031.000000
0.000000
4023.000000
0.000000
4011.000000
0.000000
4016.000000
0.000000
4032.000000
0.000000
4031.000000
0.000000
4019.000000
0.000000
4015.000000
0.000000
4020.000000
0.000000
4030.000000
0.000000
4023.000000
0.000000
4023.000000
0.000000
4012.000000
0.000000
4032.000000
0.000000
4031.000000
0.000000
4031.000000
0.000000
4021.000000
0.000000
4011.000000
0.000000
4032.000000
0.000000
4031.000000
0.000000
4027.000000
0.000000
4015.000000
0.000000
4018.000000
0.000000
4032.000000
0.000000
4031.000000
0.000000
4023.000000
0.000000
4012.000000
0.000000
4032.000000
0.000000
4032.000000
0.000000
4031.000000
0.000000
4019.000000
0.000000
4010.000000
0.000000
4016.000000
0.000000
4032.000000
0.000000
4031.000000
0.000000
4018.000000
0.000000
4018.000000
0.000000
4012.000000
0.000000
4032.000000
0.000000
4031.000000
0.000000
4019.000000
0.000000
4017.000000
0.000000
4016.000000
0.000000
4032.000000
0.000000
4031.000000
0.000000
4027.000000
0.000000
4015.000000
0.000000
4016.000000
0.000000
4032.000000
0.000000
4031.000000
0.000000
4023.000000
0.000000
4014.000000
0.000000
4024.000000
0.000000
4032.000000
0.000000
4031.000000
0.000000
4023.000000
0.000000
4011.000000
0.000000
4023.000000
0.000000
4016.000000
0.000000
4031.000000
0.000000
4021.000000
0.000000
4012.000000
0.000000
4016.000000
0.000000
4032.000000
0.000000
4031.000000
0.000000
4019.000000
0.000000
4016.000000
0.000000
4014.000000
0.000000
4032.000000
0.000000
4031.000000
0.000000
4019.000000
0.000000
4015.000000
0.000000
4016.000000
0.000000
4032.000000
0.000000
4031.000000
0.000000
4023.000000
0.000000
4024.000000
0.000000
4012.000000
0.000000
4032.000000
0.000000
4031.000000
0.000000
4031.000000
0.000000
4015.000000
0.000000
4024.000000
0.000000
4032.000000
0.000000
4031.000000
0.000000
4023.000000
0.000000
4013.000000
0.000000
4032.000000
0.000000
4032.000000
0.000000
4031.000000
0.000000
4023.000000
0.000000
4013.000000
0.000000
4016.000000
0.000000
4032.000000
0.000000
4031.000000
0.000000
4019.000000
0.000000
4015.000000
0.000000
4016.000000
0.000000
4032.000000
0.000000
4031.000000
0.000000
4023.000000
0.000000
4017.000000
0.000000
4020.000000
0.000000
4031.000000
0.000000
4031.000000
0.000000
4023.000000
0.000000
4013.000000
0.000000
4032.000000
0.000000
4032.000000
0.000000
4031.000000
0.000000
4023.000000
0.000000
4012.000000
0.000000
4012.000000
0.000000
4032.000000
0.000000
4031.000000
0.000000
4023.000000
0.000000
4012.000000
0.000000
4018.000000
0.000000
4032.000000
0.000000
4031.000000
0.000000
4023.000000
0.000000
4021.000000
0.000000
4010.000000
0.000000
4032.000000
0.000000
4031.000000
0.000000
4031.000000
0.000000
4019.000000
0.000000
4012.000000
0.000000
4032.000000
0.000000
4032.000000
0.000000
4031.000000
0.000000
4017.000000
0.000000
4016.000000
0.000000
4024.000000
0.000000
4032.000000
0.000000
4027.000000
0.000000
4017.000000
0.000000
4014.000000
0.000000
4024.000000
0.000000
4031.000000
0.000000
4023.000000
0.000000
4023.000000
0.000000
4014.000000
0.000000
4024.000000
0.000000
4031.000000
0.000000
4031.000000
0.000000
4023.000000
0.000000
4013.000000
0.000000
4032.000000
0.000000
4032.000000
0.000000
4031.000000
0.000000
4021.000000
0.000000
4012.000000
0.000000
4012.000000
0.000000
4032.000000
0.000000
4031.000000
0.000000
4012.000000
0.000000
4021.000000
0.000000
4017.000000
0.000000
4032.000000
0.000000
4031.000000
0.000000
4031.000000
0.000000
4019.000000
0.000000
4012.000000
0.000000
4032.000000
0.000000
4032.000000
0.000000
4031.000000
0.000000
4019.000000
0.000000
4019.000000
0.000000
4032.000000
0.000000
4032.000000
0.000000
4031.000000
0.000000
4019.000000
0.000000
4011.000000
0.000000
4016.000000
0.000000
4032.000000
0.000000
4031.000000
0.000000
4031.000000
0.000000
4019.000000
0.000000
4016.000000
0.000000
4032.000000
0.000000
4031.000000
0.000000
4027.000000
0.000000
4016.000000
0.000000
4020.000000
0.000000
4032.000000
0.000000
4031.000000
0.000000
4023.000000
0.000000
4014.000000
0.000000
4024.000000
0.000000
4032.000000
0.000000
4031.000000
0.000000
4023.000000
0.000000
4012.000000
0.000000
4016.000000
0.000000
4032.000000
0.000000
4019.000000
0.000000
4031.000000
0.000000
4013.000000
0.000000
4012.000000
0.000000
4032.000000
0.000000
4031.000000
0.000000
4023.000000
0.000000
4023.000000
0.000000
4012.000000
0.000000
4032.000000
0.000000
4031.000000
0.000000
4031.000000
0.000000
4023.000000
0.000000
4013.000000
0.000000
4024.000000
0.000000
4032.000000
0.000000
4031.000000
0.000000
4023.000000
0.000000
4013.000000
0.000000
4012.000000
0.000000
4032.000000
0.000000
4031.000000
0.000000
4023.000000
0.000000
4023.000000
0.000000
4013.000000
0.000000
4024.000000
0.000000
4031.000000
0.000000
4031.000000
0.000000
4023.000000
0.000000
4012.000000
0.000000
4032.000000
0.000000
4032.000000
0.000000
4031.000000
0.000000
4023.000000
0.000000
4013.000000
0.000000
4013.000000
0.000000
4032.000000
0.000000
4031.000000
0.000000
4021.000000
0.000000
4019.000000
0.000000
4032.000000
0.000000
4017.000000
0.000000
4032.000000
0.000000
4027.000000
0.000000
4017.000000
0.000000
4014.000000
0.000000
4024.000000
0.000000
4034.000000
0.000000
4023.000000
0.000000
4023.000000
0.000000
4014.000000
0.000000
4024.000000
0.000000
4031.000000
0.000000
4031.000000
0.000000
4023.000000
0.000000
4012.000000
0.000000
4032.000000
0.000000
4032.000000
0.000000
4031.000000
0.000000
4021.000000
0.000000
4012.000000
0.000000
4016.000000
0.000000
4024.000000
0.000000
4031.000000
0.000000
4023.000000
0.000000
4016.000000
0.000000
4020.000000
0.000000
4031.000000
0.000000
4031.000000
0.000000
4023.000000
0.000000
4012.000000
0.000000
4032.000000
0.000000
4032.000000
0.000000
4031.000000
0.000000
4031.000000
0.000000
4015.000000
0.000000
4020.000000
0.000000
4032.000000
0.000000
4031.000000
0.000000
4023.000000
0.000000
4032.000000
0.000000
4014.000000
0.000000
4024.000000
0.000000
4031.000000
0.000000
4027.000000
0.000000
4023.000000
0.000000
4012.000000
0.000000
4032.000000
0.000000
4031.000000
0.000000
4031.000000
0.000000
4023.000000
0.000000
4012.000000
0.000000
4032.000000
0.000000
4032.000000
0.000000
4031.000000
0.000000
4023.000000
0.000000
4012.000000
0.000000
4012.000000
0.000000
4032.000000
0.000000
4031.000000
0.000000
4023.000000
0.000000
4031.000000
0.000000
4013.000000
0.000000
4020.000000
0.000000
