7516007.000000
597488.062500
291303.687500
140674.281250
394712.750000
505468.687500
431674.000000
266428.625000
123005.539063
83796.210938
113421.875000
118961.976563
124678.429688
119766.250000
104101.898438
87666.140625
56159.214844
1016.761353
62196.593750
83914.937500
44959.433594
27189.025391
67909.625000
76379.304688
66252.117188
98568.054688
125706.757813
96253.078125
25164.949219
68434.664063
134196.687500
128921.203125
68114.007813
63577.511719
92116.312500
87084.968750
33006.011719
45845.746094
87038.421875
74555.812500
35164.953125
30364.912109
76535.882813
77501.046875
56846.300781
53436.148438
44982.871094
42002.820313
28132.039063
43410.667969
51958.085938
37077.261719
25674.568359
3187.760742
19355.158203
20062.599609
18704.330078
9424.103516
18605.269531
36292.019531
33915.882813
32331.216797
22532.308594
20844.601563
28632.125000
22581.451172
15023.475586
11459.539063
7695.833984
20288.279297
39136.792969
39515.957031
28989.816406
21111.007813
7538.730957
6444.855957
10654.099609
9272.249023
5052.193848
8918.879883
12678.328125
21636.894531
21397.255859
8136.493652
10262.668945
9157.807617
3027.836670
7295.135742
19222.484375
25577.783203
25856.775391
24864.394531
21160.279297
15953.992188
11976.574219
27206.777344
27327.302734
10954.054688
9152.554688
14673.908203
24147.458984
26990.175781
26235.107422
20074.923828
8760.650391
4505.955566
21378.751953
31355.644531
19555.337891
9133.095703
16782.642578
12923.952148
12305.070313
11368.148438
14449.477539
7484.478027
5278.414551
6221.697754
7639.725098
8706.883789
11461.096680
22888.636719
18428.410156
11171.601563
15136.363281
19200.845703
19835.693359
16003.735352
17584.119141
12414.948242
9243.380859
16799.279297
26269.998047
23872.818359
14073.388672
26945.031250
31554.775391
28627.134766
20383.884766
13557.376953
18967.837891
15149.427734
9423.590820
10695.065430
14699.989258
11749.179688
15851.921875
23211.968750
18782.347656
11988.260742
7535.122559
7018.801270
13982.338867
14456.810547
8001.750000
5045.735840
8945.459961
18115.582031
22652.818359
14538.051758
10820.065430
13189.188477
11998.674805
11227.401367
8587.140625
14927.975586
16684.812500
14582.617188
14554.582031
17745.957031
16429.728516
12717.203125
18620.748047
16484.980469
10948.098633
7844.750977
5400.396484
12711.669922
13787.670898
10516.231445
6078.254883
7023.833008
5618.244629
11231.492188
12922.749023
4324.520508
9360.782227
8121.964355
1701.007324
4843.084961
4739.418457
10006.692383
11916.588867
7435.613281
2252.452148
2845.142090
5975.346191
15315.137695
15815.624023
8548.888672
5752.136719
8844.985352
15080.246094
17718.082031
16465.361328
10240.204102
3707.005615
1531.056396
10000.305664
17078.470703
11212.173828
3191.264404
7062.911133
7656.738281
13066.919922
12182.913086
7278.493652
3314.326904
3086.874268
1149.427002
5962.680176
4868.049316
4576.232422
10820.825195
7114.417969
968.513550
3748.967041
2308.845459
6701.103027
7353.795898
6067.359375
5354.397949
5455.496094
5280.011230
12346.108398
12245.234375
5501.174805
7049.193848
4608.825684
7530.927246
9809.692383
6877.845215
4732.112793
6031.018555
3389.683350
5333.866699
10053.750000
5715.220215
4217.223633
5019.583984
2089.541504
9143.916016
7723.704590
1234.229004
5016.000488
6921.123047
6792.959473
7919.108887
5431.816895
4069.166260
7347.240234
5067.316895
10403.075195
11091.322266
5617.237793
4229.984863
6625.546875
10091.109375
12621.155273
10815.337891
6084.291016
6731.881348
6197.374023
8154.489258
13055.571289
9641.625977
2902.341309
3528.899658
5536.474609
10644.715820
11813.553711
7177.840820
2711.943604
5249.978516
4328.182617
7719.483887
7129.616699
1729.881836
5465.779785
3187.268311
3483.529053
5612.766602
4163.408203
4766.582031
6967.969727
4388.545898
2086.770996
3290.251953
3629.675781
10741.220703
10389.548828
3673.125488
1678.697021
1680.895630
7225.684570
10726.862305
8590.640625
1934.572510
3060.959961
1248.515625
7560.278320
11485.764648
6656.828125
982.015381
3401.399902
3101.545654
6877.711914
7278.567871
2514.551514
4173.035156
6103.729492
2929.733887
5137.036133
3900.870850
3296.847900
6790.166016
4684.160645
4832.500488
4453.257813
766.214111
6008.255859
7802.173340
6328.557617
5049.854004
3265.392822
3597.918457
9506.238281
8464.047852
4685.845703
6075.544922
2956.978516
5943.493652
9959.861328
8511.239258
5006.073730
4614.709961
2284.865723
8281.590820
10530.812500
6561.458496
4074.814941
3067.930908
2675.406250
7483.066895
8080.079102
5246.996094
3550.294922
2048.427979
3940.300781
7684.078125
5806.958496
2806.973389
3839.341797
2342.862793
5931.574219
5783.889160
2258.188721
4351.070313
4209.952148
3234.828125
5828.449707
4473.584473
1518.150391
5952.380371
4566.429199
4603.986328
6387.846191
2469.193359
3841.992920
6775.428711
4994.547363
4506.641113
4467.046875
550.412537
5692.280762
6859.336914
3418.133301
5303.870605
3146.373291
3133.254150
6238.211426
5734.423828
3461.102783
2929.751465
1007.886536
4625.411621
6585.126465
5162.056641
2384.353516
3101.466797
2110.379395
7721.314941
8172.566406
3557.275879
2474.052490
1716.441528
5701.064453
8235.126953
6599.190918
2262.309814
4502.445801
2864.698242
7720.631348
8347.494141
4302.896973
1824.163818
4291.011719
3570.343506
6586.673340
6882.423828
3413.692383
2415.525879
5070.066406
4161.870605
9216.189453
3948.908691
1043.708496
4312.715820
5720.939941
5689.164063
5409.944336
1179.061401
3348.765381
5065.136719
4199.812500
5891.645508
5635.950684
515.302551
4635.620117
4703.614746
5085.309082
6544.074219
2973.831543
2564.520264
5555.641602
4685.823242
3702.392090
5367.735352
2503.117432
3929.077637
5781.554688
3254.691895
4246.140137
4176.376465
2460.002197
5369.470703
5524.141113
2627.810547
3166.183105
4063.171631
5036.387695
5959.375000
3198.581055
2523.139404
4566.017090
4355.299316
5622.267090
5122.838379
1733.565918
3299.256348
4378.308105
4996.655762
7002.224609
4851.538574
871.175049
4941.239258
4924.523438
5458.747559
5936.458008
2432.194336
2696.896973
5279.978027
4284.403809
5265.252441
5620.869141
1556.105347
3728.573975
5557.722168
4668.318359
5583.218262
3382.355469
1948.206787
5227.655762
5258.924805
4114.514648
3957.139404
2353.616943
3658.717041
5330.103516
4200.665527
3991.094971
3393.138916
1938.331421
5361.500000
5844.863770
3832.208740
3399.804443
2280.448730
3832.852539
6410.598633
4718.591309
2396.897705
3762.842041
2493.321777
4486.060547
5946.030273
3424.632324
3193.173828
3416.593994
3012.659912
5012.966797
5589.956543
2367.346680
3691.518066
4130.492188
4037.723145
5127.208008
3541.869385
3164.269043
4195.986816
3636.783691
4212.900879
4505.338379
2737.528809
3567.555664
4522.248535
3761.159424
4820.374023
3437.686035
2160.342041
5087.951660
4805.133789
3612.229248
3755.198730
2736.512207
3649.330322
5568.608887
4508.726563
3080.087891
3829.121338
1756.670898
4831.736328
5954.148438
3975.560791
2877.463135
2611.554443
3391.283447
5646.899902
5152.543457
2864.440186
2946.761719
2858.962891
4173.379395
5282.131836
4179.805664
3069.737061
2854.708008
3189.959229
5023.588379
5316.282715
2902.742920
2784.942627
3393.178467
3979.622559
5796.368164
4219.427246
1890.421021
3721.181885
3740.299805
4506.883301
5290.656250
3537.092041
2261.217773
4450.635254
3563.729004
4770.914063
5057.371094
1978.277710
3484.070068
4499.537598
3798.988037
4584.220215
3528.000488
2986.360107
3831.610352
3837.415039
3684.850830
4102.239746
3273.828857
3308.980469
4600.935059
3620.816406
3390.539307
3294.833496
2893.467529
4602.474121
4228.451660
2711.468750
3485.697021
3275.237549
3518.360596
5155.178711
3922.156982
2703.349609
3900.102051
2704.406982
4280.176270
5340.514160
3070.064209
2633.520752
3716.475342
3764.055176
4382.504395
4669.081055
2575.811279
3480.005127
3894.765381
3913.524658
4749.426758
3396.602051
2779.497314
3621.750977
3878.843750
4228.952148
4022.821045
2458.252441
3161.197510
4205.938965
3938.759521
4523.870605
3079.458984
2336.281738
4333.322754
4222.458008
4044.767578
3993.717529
2579.448975
2849.686768
4915.625977
4458.233398
3653.233154
3799.736816
2065.815674
3887.273926
4977.975098
4079.890625
3675.365723
2975.131592
2634.903564
4414.427246
4451.099609
3558.402832
3540.454590
2957.800781
3196.989990
4309.399414
3916.163818
3439.286377
3259.662842
3402.934326
3777.722412
4182.562988
3094.532715
3705.276611
3304.991943
3351.198486
4321.683105
3409.908936
2830.093018
3823.069824
3864.767090
3483.844971
4217.894531
2859.731201
2858.066650
4024.278809
3425.476807
4045.353271
4096.270996
2415.538574
3370.056641
3870.304932
3530.739502
3918.426270
3308.830811
2590.194580
3930.365723
3954.385986
3498.002197
3413.181152
2803.316162
3383.149658
4097.174316
3672.941406
3330.547852
3007.701904
2940.890625
4224.348145
4463.794434
3299.718506
3180.544678
3126.164307
3345.980957
4736.979492
3709.566406
3069.506836
3413.470459
2845.203857
3832.761230
4552.204102
3520.401367
2796.544189
3318.981445
2978.302734
4295.155762
4771.087891
2696.767578
3011.281006
3632.662598
3864.121582
3897.587402
3320.215332
3174.358643
3235.621582
3133.976807
3793.523682
4168.851563
3211.329346
2686.892578
3493.615723
3831.125732
4222.690918
3288.054932
2396.062988
3678.953369
3930.803711
3408.210205
3904.345459
3287.321289
2968.989014
3639.564209
3322.741699
3551.868896
3827.991699
2627.612793
3314.857422
4258.792480
3397.186035
2993.979736
3261.746582
3194.586914
4210.118652
3686.799072
2864.016846
3584.098389
3438.858887
3322.835449
3755.928223
3595.085938
3292.339355
3273.266846
3410.105225
3753.816650
4193.333984
3266.922852
2958.292969
3224.398682
3576.497070
4084.553955
3111.358154
2907.259277
3831.697510
3503.099609
3469.063721
3948.895020
3201.553955
2869.825928
3759.198486
3655.140625
4073.859863
3985.183350
2437.238281
3394.645996
4305.464355
3837.788330
3615.918213
3274.376709
2695.161377
3575.006104
3702.645264
3625.404541
3676.636475
2872.762695
2997.008301
3777.396973
4097.109375
3565.979004
3034.710693
2920.339111
3944.786133
3846.005371
3103.179932
3192.562256
3310.361816
2780.154785
3823.815186
3865.906738
3891.214844
3514.802734
2902.575195
3532.175293
4301.005371
3420.747070
2975.721436
3530.504395
3523.787109
3746.158203
3869.313965
3140.422363
3200.988525
3553.507324
2732.688965
3838.229492
3741.117188
3255.068848
3016.779541
3238.040283
3369.253906
3765.436523
3221.049316
3315.942139
3377.651855
3569.106201
3212.102051
3187.609131
3297.495605
3861.608398
3566.888184
2825.351563
3708.033691
3411.013672
3078.570068
3477.507324
3577.935059
3479.198975
3132.322021
2915.871338
3290.899658
3952.748779
3027.242432
2820.586914
3513.452393
3225.141357
3371.388672
3607.586914
3130.784424
3568.318359
3049.532471
3001.137451
4125.486816
3666.884521
3063.582520
3072.512207
3468.481689
3565.489258
3806.785400
2800.991455
3120.389160
3382.012451
3567.113525
3612.182861
3769.981445
3111.720947
3215.858887
3155.582764
3500.845215
4067.731201
3133.595215
2883.994629
3379.547119
3686.708008
3423.156250
3389.208008
2807.275391
3354.509766
3420.065918
3800.107178
3690.892334
3982.705811
2718.825928
3399.271484
3091.279785
3110.115967
3947.576172
3162.479492
3157.137695
3507.524658
3435.160889
3294.871582
3391.751709
3903.681152
3309.375244
3404.260742
3010.915039
3719.891357
3500.263428
2959.800781
3714.318848
3455.542725
3149.940918
3337.824951
3635.113525
3489.407471
3522.541504
3121.269531
3165.686279
3726.554688
3544.592529
3272.959717
3258.021240
3105.748047
3149.660400
3420.894531
3134.758789
3740.724121
3391.906738
3097.166992
3020.471191
3697.132568
3670.878662
3352.807373
2595.705078
3294.040039
3722.530273
3347.081055
3423.608398
3334.192139
3201.570557
3443.992676
3666.708740
3302.604004
3405.997314
3010.551270
2563.002686
4019.408691
3521.180176
3279.171631
3193.054688
2901.513672
3168.538086
3905.349854
3263.887451
3269.560059
3159.229248
3085.456787
3338.731445
3607.819336
3443.034668
3340.428711
3153.481934
3292.250977
3486.583984
3652.014404
3218.681641
3293.804199
3434.622070
3368.212402
3193.519287
3235.148926
3331.901367
3375.621826
3170.268311
3741.606201
3635.723877
3584.742920
3165.182129
3351.063965
3138.856445
3529.340820
3266.978027
3234.736328
3673.002686
3397.388672
3031.241943
3358.074951
3320.590576
3209.813477
3384.449951
3299.732666
3331.313965
3675.823486
3152.198486
3312.649170
3722.853271
3434.325439
3114.499268
3308.167969
3498.732666
3513.852295
3413.961670
2968.000244
3363.773193
3734.638428
3170.518066
3406.229248
3102.539307
3310.246826
3483.275879
3202.568848
3462.562012
3466.158936
2954.213379
3102.670898
3618.176270
3343.000000
3618.187988
3102.670654
2954.216553
3466.176514
3462.554443
3202.564941
3483.280029
3310.250977
3102.535156
3406.237305
3170.516602
3734.637695
3363.777100
2967.999512
3413.959473
3513.852051
3498.725830
3308.169434
3114.493652
3434.328369
3722.854736
3312.653076
3152.198975
3675.825195
3331.316162
3299.742188
3384.454346
3209.813965
3320.587646
3358.076904
3031.241943
3397.391602
3672.995605
3234.732178
3266.977295
3529.343262
3138.852539
3351.063232
3165.185059
3584.742188
3635.725830
3741.602051
3170.274170
3375.622314
3331.901367
3235.154053
3193.520996
3368.210693
3434.623291
3293.807373
3218.681641
3652.014160
3486.584717
3292.251465
3153.481934
3340.428955
3443.028564
3607.815186
3338.723633
3085.461182
3159.230225
3269.560303
3263.887207
3905.349854
3168.541504
2901.515869
3193.054443
3279.173584
3521.177002
4019.410156
2563.010986
3010.552490
3405.993652
3302.605225
3666.708740
3443.992676
3201.568604
3334.193848
3423.604004
3347.081055
3722.531738
3294.040039
2595.708984
3352.806152
3670.879395
3697.134521
3020.467773
3097.165771
3391.907227
3740.731445
3134.757324
3420.890625
3149.665283
3105.745850
3258.020752
3272.959473
3544.594971
3726.552490
3165.681152
3121.271973
3522.546143
3489.403809
3635.115234
3337.826904
3149.943604
3455.539063
3714.318359
2959.801270
3500.266113
3719.887207
3010.913574
3404.260742
3309.376709
3903.680908
3391.750488
3294.869873
3435.156250
3507.523682
3157.138672
3162.481201
3947.575684
3110.120850
3091.281250
3399.268555
2718.824219
3982.705322
3690.887451
3800.106201
3420.072754
3354.515381
2807.277344
3389.204102
3423.152588
3686.711182
3379.541016
2883.996338
3133.588379
4067.728760
3500.843750
3155.582031
3215.860840
3111.719971
3769.984375
3612.183838
3567.111084
3382.011963
3120.386230
2800.988281
3806.783203
3565.488281
3468.483643
3072.513184
3063.582275
3666.883057
4125.484863
3001.140869
3049.534668
3568.318115
3130.784912
3607.586670
3371.389404
3225.140869
3513.452393
2820.588135
3027.250000
3952.750732
3290.900146
2915.873047
3132.320313
3479.200684
3577.934082
3477.508057
3078.567627
3411.015625
3708.037842
2825.351074
3566.889893
3861.611572
3297.496826
3187.608887
3212.099121
3569.106934
3377.653564
3315.941162
3221.056152
3765.441895
3369.255615
3238.045166
3016.780273
3255.072754
3741.121582
3838.229248
2732.697998
3553.509033
3200.988281
3140.427246
3869.314941
3746.164795
3523.780762
3530.504883
2975.722900
3420.750000
4301.007813
3532.174072
2902.571533
3514.807861
3891.215820
3865.906250
3823.818359
2780.156006
3310.362061
3192.561768
3103.169922
3846.003418
3944.787598
2920.340576
3034.710449
3565.977051
4097.111816
3777.395752
2997.006836
2872.764893
3676.627686
3625.404297
3702.646973
3575.006348
2695.164551
3274.373779
3615.917969
3837.782715
4305.467285
3394.649414
2437.238525
3985.183350
4073.858643
3655.138916
3759.201172
2869.824219
3201.553711
3948.893555
3469.059814
3503.099365
3831.696777
2907.258789
3111.355225
4084.554932
3576.499023
3224.402344
2958.289307
3266.927490
4193.351074
3753.828125
3410.104004
3273.258057
3292.344727
3595.085938
3755.944336
3322.837158
3438.853271
3584.094238
2863.988770
3686.814453
4210.131836
3194.584717
3261.744385
2993.976074
3397.186035
4258.791504
3314.851074
2627.611816
3828.000000
3551.867432
3322.742920
3639.561279
2968.983887
3287.321289
3904.346680
3408.211670
3930.802734
3678.952881
2396.059570
3288.058838
4222.687988
3831.127930
3493.619385
2686.889893
3211.333252
4168.851563
3793.527588
3133.971680
3235.616211
3174.359131
3320.217041
3897.590576
3864.118652
3632.660889
3011.283691
2696.768799
4771.083496
4295.156250
2978.303955
3318.984375
2796.543945
3520.400635
4552.207520
3832.763672
2845.200195
3413.469971
3069.505859
3709.569824
4736.978516
3345.981445
3126.169189
3180.548340
3299.722168
4463.798340
4224.350586
2940.888672
3007.711914
3330.548584
3672.946533
4097.174805
3383.146729
2803.318604
3413.186523
3498.003662
3954.391602
3930.365479
2590.193115
3308.834473
3918.423096
3530.739502
3870.307861
3370.059082
2415.539795
4096.270020
4045.354004
3425.475830
4024.280762
2858.067871
2859.732422
4217.893555
3483.845703
3864.769043
3823.069092
2830.101074
3409.901855
4321.682129
3351.197021
3304.993408
3705.273193
3094.532715
4182.563965
3777.727051
3402.934326
3259.660645
3439.288330
3916.159668
4309.395508
3196.989746
2957.799072
3540.457520
3558.402344
4451.097168
4414.428711
2634.905518
2975.130615
3675.365723
4079.893555
4977.978027
3887.275879
2065.815430
3799.735352
3653.232422
4458.232910
4915.626465
2849.690430
2579.447754
3993.728271
4044.767334
4222.458008
4333.327637
2336.277588
3079.458984
4523.880371
3938.756836
4205.942383
3161.196533
2458.246094
4022.821777
4228.948730
3878.843994
3621.752441
2779.495117
3396.600830
4749.425293
3913.526367
3894.761963
3480.002930
2575.810791
4669.080566
4382.503418
3764.055176
3716.475098
2633.521729
3070.064209
5340.511719
4280.176270
2704.408691
3900.105469
2703.346191
3922.158691
5155.176758
3518.360840
3275.237061
3485.697510
2711.466553
4228.455078
4602.474121
2893.470703
3294.831787
3390.540771
3620.819092
4600.935059
3308.980713
3273.831055
4102.240234
3684.850342
3837.415039
3831.611328
2986.360107
3528.001221
4584.218750
3798.981689
4499.537109
3484.070068
1978.281494
5057.373047
4770.918945
3563.729980
4450.632324
2261.213623
3537.098633
5290.657227
4506.886719
3740.303955
3721.179443
1890.421509
4219.425781
5796.367676
3979.620117
3393.179932
2784.939453
2902.746338
5316.284180
5023.588379
3189.958740
2854.708252
3069.736572
4179.805664
5282.130859
4173.377441
2858.967041
2946.760498
2864.441650
5152.546875
5646.896973
3391.281982
2611.553223
2877.464355
3975.562988
5954.147949
4831.741699
1756.672119
3829.122803
3080.088623
4508.725098
5568.608398
3649.333252
2736.514404
3755.203125
3612.231689
4805.136719
5087.951660
2160.342041
3437.680420
4820.380371
3761.159668
4522.248535
3567.557129
2737.529297
4505.336426
4212.899414
3636.788086
4195.980957
3164.270508
3541.875000
5127.207520
4037.721680
4130.491211
3691.523438
2367.345703
5589.959473
5012.969238
3012.670166
3416.598633
3193.213379
3424.615967
5946.024414
4486.059082
2493.308350
3762.842041
2396.878418
4718.595215
6410.595703
3832.851074
2280.459961
3399.797607
3832.207031
5844.863281
5361.499512
1938.333862
3393.145508
3991.092773
4200.667480
5330.102051
3658.710205
2353.617432
3957.137207
4114.515137
5258.930664
5227.654297
1948.206787
3382.352051
5583.225098
4668.318359
5557.710449
3728.575439
1556.100708
5620.869141
5265.258301
4284.402832
5279.978516
2696.897217
2432.196533
5936.458984
5458.746094
4924.522461
4941.234863
871.176636
4851.536133
7002.223145
4996.653320
4378.307617
3299.255615
1733.564575
5122.840820
5622.268066
4355.302246
4566.017090
2523.138672
3198.578369
5959.379395
5036.386719
4063.176270
3166.184570
2627.814697
5524.143066
5369.476563
2460.001709
4176.379395
4246.141113
3254.693359
5781.547363
3929.072021
2503.118164
5367.732422
3702.394775
4685.820801
5555.642090
2564.527588
2973.835449
6544.073730
5085.308594
4703.616211
4635.618164
515.305725
5635.953125
5891.644043
4199.816406
5065.133789
3348.764648
1179.063232
5409.945801
5689.165039
5720.939453
4312.711426
1043.706909
3948.908936
9216.190430
4161.873535
5070.063477
2415.530273
3413.690186
6882.420410
6586.678223
3570.346924
4291.012695
1824.162964
4302.896973
8347.492188
7720.630859
2864.693848
4502.445801
2262.310547
6599.189453
8235.127930
5701.063965
1716.442993
2474.053223
3557.274902
8172.567871
7721.311523
2110.378906
3101.468262
2384.352295
5162.057129
6585.126465
4625.410156
1007.886475
2929.751465
3461.101074
5734.429688
6238.210449
3133.254395
3146.371826
5303.871094
3418.137939
6859.317383
5692.280762
550.398560
4467.038574
4506.639160
4994.546387
6775.424805
3841.996582
2469.194824
6387.845703
4603.983398
4566.429688
5952.375000
1518.151367
4473.589355
5828.449219
3234.821289
4209.951172
4351.064453
2258.188721
5783.888184
5931.575684
2342.860840
3839.339355
2806.972900
5806.958496
7684.076172
3940.302002
2048.425781
3550.295166
5246.995117
8080.080078
7483.066895
2675.406250
3067.934326
4074.814209
6561.457520
10530.809570
8281.587891
2284.867920
4614.707031
5006.073242
8511.238281
9959.860352
5943.493652
2956.980713
6075.542480
4685.843262
8464.044922
9506.238281
3597.921143
3265.395020
5049.854004
6328.557129
7802.177734
6008.253418
766.215088
4453.255371
4832.500977
4684.166992
6790.169434
3296.841797
3900.873779
5137.036621
2929.735596
6103.731445
4173.033691
2514.552246
7278.566406
6877.711426
3101.539307
3401.405029
982.013184
6656.827637
11485.762695
7560.280273
1248.512573
3060.961182
1934.575073
8590.637695
10726.861328
7225.686035
1680.892822
1678.697021
3673.126465
10389.549805
10741.222656
3629.676514
3290.251465
2086.773193
4388.544434
6967.966797
4766.583984
4163.410645
5612.768555
3483.523682
3187.272217
5465.779297
1729.874390
7129.613770
7719.481445
4328.184082
5249.978516
2711.941650
7177.836914
11813.553711
10644.716797
5536.477051
3528.897949
2902.340820
9641.626953
13055.569336
8154.494141
6197.375000
6731.883301
6084.293945
10815.339844
12621.154297
10091.115234
6625.550781
4229.989746
5617.238281
11091.328125
10403.085938
5067.332031
7347.242188
4069.160400
5431.825195
7919.100586
6792.959473
6921.120117
5016.001465
1234.227295
7723.697266
9143.896484
2089.548584
5019.593262
4217.222656
5715.222168
10053.750000
5333.865723
3389.681885
6031.019531
4732.105957
6877.843750
9809.692383
7530.926270
4608.829590
7049.194336
5501.173828
12245.232422
12346.109375
5280.013672
5455.497070
5354.395020
6067.360352
7353.803711
6701.103027
2308.849121
3748.974854
968.516296
7114.417480
10820.825195
4576.238770
4868.049316
5962.677734
1149.422485
3086.876221
3314.331299
7278.493164
12182.915039
13066.921875
7656.739258
7062.911133
3191.264404
11212.170898
17078.476563
10000.305664
1531.058105
3707.006348
10240.203125
16465.361328
17718.082031
15080.246094
8844.983398
5752.136230
8548.884766
15815.620117
15315.127930
5975.344238
2845.141357
2252.451660
7435.616211
11916.588867
10006.689453
4739.412598
4843.090332
1701.003174
8121.964355
9360.780273
4324.516602
12922.749023
11231.494141
5618.245605
7023.834961
6078.253906
10516.233398
13787.671875
12711.666992
5400.395996
7844.746582
10948.098633
16484.978516
18620.748047
12717.202148
16429.726563
17745.962891
14554.581055
14582.615234
16684.804688
14927.982422
8587.143555
11227.405273
11998.672852
13189.186523
10820.065430
14538.059570
22652.822266
18115.583984
8945.459961
5045.732422
8001.747559
14456.808594
13982.338867
7018.804688
7535.121094
11988.258789
18782.349609
23211.972656
15851.919922
11749.174805
14699.988281
10695.068359
9423.590820
15149.429688
18967.837891
13557.375977
20383.878906
28627.132813
31554.781250
26945.033203
14073.388672
23872.818359
26269.998047
16799.277344
9243.382813
12414.954102
17584.121094
16003.734375
19835.685547
19200.835938
15136.364258
11171.600586
18428.408203
22888.630859
11461.093750
8706.886719
7639.726074
6221.698242
5278.415039
7484.481934
14449.477539
11368.150391
12305.070313
12923.955078
16782.640625
9133.099609
19555.337891
31355.644531
21378.753906
4505.956055
8760.649414
20074.917969
26235.107422
26990.185547
24147.460938
14673.906250
9152.553711
10954.049805
27327.302734
27206.787109
11976.578125
15953.996094
21160.281250
24864.402344
25856.779297
25577.787109
19222.488281
7295.134766
3027.838623
9157.807617
10262.667969
8136.497070
21397.255859
21636.894531
12678.327148
8918.875977
5052.193848
9272.249023
10654.101563
6444.854980
7538.727051
21111.001953
28989.818359
39515.960938
39136.792969
20288.283203
7695.829102
11459.539063
15023.473633
22581.457031
28632.126953
20844.595703
22532.302734
32331.218750
33915.890625
36292.011719
18605.271484
9424.103516
18704.330078
20062.599609
19355.158203
3187.755859
25674.568359
37077.261719
51958.093750
43410.667969
28132.041016
42002.820313
44982.871094
53436.144531
56846.300781
77501.046875
76535.882813
30364.906250
35164.953125
74555.812500
87038.421875
45845.746094
33006.015625
87084.968750
92116.296875
63577.507813
68114.000000
128921.187500
134196.687500
68434.664063
25164.949219
96253.078125
125706.765625
98568.054688
66252.117188
76379.304688
67909.632813
27189.027344
44959.429688
83914.921875
62196.597656
1016.763123
56159.210938
87666.148438
104101.898438
119766.250000
124678.421875
118961.984375
113421.875000
83796.210938
123005.539063
266428.593750
431674.000000
505468.718750
394712.750000
140674.265625
291303.687500
597488.062500
